kinematics:
  shoulder:
    x: 0
    y: 0
    z: 0.18085620873331451
    roll: -0
    pitch: 0
    yaw: 7.6638537079010138e-09
  upper_arm:
    x: -5.8903271159281425e-05
    y: 0
    z: 0
    roll: 1.5701867240013938
    pitch: 0
    yaw: -2.908601408613265e-07
  forearm:
    x: -0.61255220029383994
    y: 0
    z: 0
    roll: 3.1413386553081897
    pitch: 3.1407848173830648
    yaw: -3.1415924510468369
  wrist_1:
    x: -0.57141553521243438
    y: 3.517574222015452e-05
    z: 0.17482591022858113
    roll: 3.1413914491933768
    pitch: 3.1409724043756913
    yaw: -3.1415892829975092
  wrist_2:
    x: 5.0324131414931921e-06
    y: -0.11991903204545007
    z: -3.8941720673754077e-05
    roll: 1.5711210602307883
    pitch: 0
    yaw: -2.7618868895899767e-07
  wrist_3:
    x: 4.5076091635130148e-05
    y: 0.11563666075659711
    z: 4.6868136764147959e-05
    roll: 1.5712016319454527
    pitch: 3.1415926535897931
    yaw: -3.1415925388466812
  hash: calib_16746413789305179772